0000000E
00000000
00000001
90000000
00000003
B0000000
00000006
00000040
00000007
00000000
0000000f
00000A00
00000010
00001400
0000000d
00000001
00000009
00000280
0000000a
00000280
00000005
00000010
00000001
B0000000
00000004
80000000
00000003
C0000000
00000013
0000006C
00000014
00000000
00000016
00000082
00000006
00000001
00000007
00000000
00000008
00000001
0000000f
00001400
00000010
00001400
00000009
00000140
0000000a
00000140
0000000b
00000001
0000000c
00000001
0000000d
00000001
00000017
00000980
00000018
00000080
00000005
00000001
00000001
C0000000
00000004
80100000
00000003
B0000000
00000013
000001C1
00000014
00000082
00000016
0000007F
00000006
00000001
00000007
00000001
00000008
00000001
0000000f
00001400
00000010
00001400
00000009
00000140
0000000a
00000140
0000000b
00000002
0000000c
00000001
0000000d
00000002
00000017
00001300
00000018
00000100
00000005
00000001
00000001
B0000000
00000004
80200000
00000003
C0000000
00000013
000004B3
00000014
0000007F
00000016
000000B7
00000006
00000002
00000007
00000000
00000008
00000001
0000000f
00001400
00000010
00000A00
00000009
000000A0
0000000a
000000A0
0000000b
00000002
0000000c
00000002
0000000d
00000001
00000017
00000280
00000018
00000080
00000005
00000001
00000001
C0000000
00000004
80400000
00000003
D0000000
00000013
0000075E
00000014
000000B7
00000016
000000A6
00000006
00000002
00000007
00000000
00000008
00000001
0000000f
00000A00
00000010
00000A00
00000009
000000A0
0000000a
000000A0
0000000b
00000001
0000000c
00000001
0000000d
00000001
00000017
00000180
00000018
00000080
00000005
00000020
00000001
D0000000
00000004
80500000
00000003
E0000000
00000013
000002BB
00000014
000000A6
00000016
00000080
00000006
00000081
00000007
00000000
00000008
00000001
0000000f
00000A00
00000010
00000A00
00000009
000000A0
0000000a
000000A0
0000000b
00000001
0000000c
00000001
0000000d
00000001
00000017
00000980
00000018
00000080
00000005
00000021
00000001
E0000000
00000002
C0000000
00000003
D0000000
00000006
00000084
00000007
00000000
0000000f
00000A00
00000010
00000A00
0000000a
000000A0
0000000d
00000001
00000011
00001CAD
00000012
000028D4
00000013
0003B771
00000014
00000080
00000015
000000B7
00000005
00000023
00000001
B0000000
00000004
80300000
00000003
D0000000
00000013
000003E6
00000014
0000007F
00000016
000000A6
00000006
00000082
00000007
00000000
00000008
00000001
0000000f
00001400
00000010
00000A00
00000009
000000A0
0000000a
000000A0
0000000b
00000002
0000000c
00000002
0000000d
00000001
00000017
00000280
00000018
00000080
00000005
00000001
00000001
D0000000
00000002
D0000000
00000003
C0000000
00000006
00000088
00000007
00000000
0000000f
00000A00
00000010
00001400
0000000a
000000A0
0000000c
00000001
0000000d
00000001
00000011
00003CD5
00000012
00001138
00000013
00033D58
00000014
000000A6
00000015
00000000
00000005
00000003
00000001
C0000000
00000004
80600000
00000003
B0000000
00000013
000001A1
00000014
00000000
00000016
0000009D
00000006
00000002
00000007
00000000
00000008
00000001
0000000f
00001400
00000010
00001400
00000009
000000A0
0000000a
000000A0
0000000b
00000004
0000000c
00000002
0000000d
00000002
00000017
00000500
00000018
00000100
00000005
00000020
00000001
B0000000
00000004
80700000
00000003
C0000000
00000013
000001D0
00000014
0000009D
00000016
00000095
00000006
00000001
00000007
00000001
00000008
00000001
0000000f
00001400
00000010
00001400
00000009
000000A0
0000000a
000000A0
0000000b
00000008
0000000c
00000002
0000000d
00000004
00000017
00004A00
00000018
00000200
00000005
00000021
00000001
C0000000
00000004
80800000
00000003
B0000000
00000013
000001D9
00000014
00000095
00000016
00000089
00000006
00000002
00000007
00000000
00000008
00000001
0000000f
00001400
00000010
00000A00
00000009
00000050
0000000a
00000050
0000000b
00000008
0000000c
00000004
0000000d
00000002
00000017
00000900
00000018
00000100
00000005
00000001
00000001
B0000000
00000004
80A00000
00000003
C0000000
00000013
00000382
00000014
00000089
00000016
00000082
00000006
00000002
00000007
00000000
00000008
00000001
0000000f
00000A00
00000010
00000A00
00000009
00000050
0000000a
00000050
0000000b
00000004
0000000c
00000002
0000000d
00000002
00000017
00000500
00000018
00000100
00000005
00000020
00000001
C0000000
00000004
80B00000
00000003
E0000000
00000013
00000122
00000014
00000082
00000016
00000088
00000006
00000081
00000007
00000000
00000008
00000001
0000000f
00000A00
00000010
00000A00
00000009
00000050
0000000a
00000050
0000000b
00000004
0000000c
00000002
0000000d
00000002
00000017
00002500
00000018
00000100
00000005
00000021
00000001
E0000000
00000002
B0000000
00000003
D0000000
00000006
00000084
00000007
00000000
0000000f
00000A00
00000010
00000A00
0000000a
00000050
0000000d
00000001
00000011
000007FA
00000012
000005CA
00000013
000D4FF9
00000014
00000088
00000015
00000089
00000005
00000023
00000001
D0000000
00000004
80C00000
00000003
B0000000
00000013
00000180
00000014
00000000
00000016
00000086
00000006
00000002
00000007
00000000
00000008
00000001
0000000f
00000A00
00000010
00000A00
00000009
00000050
0000000a
00000050
0000000b
00000004
0000000c
00000002
0000000d
00000002
00000017
00000500
00000018
00000100
00000005
00000020
00000001
B0000000
00000004
80D00000
00000003
E0000000
00000013
000000D3
00000014
00000086
00000016
0000008E
00000006
00000081
00000007
00000000
00000008
00000001
0000000f
00000A00
00000010
00000A00
00000009
00000050
0000000a
00000050
0000000b
00000004
0000000c
00000002
0000000d
00000002
00000017
00002500
00000018
00000100
00000005
00000021
00000001
E0000000
00000002
D0000000
00000003
B0000000
00000006
00000084
00000007
00000000
0000000f
00000A00
00000010
00000A00
0000000a
00000050
0000000d
00000001
00000011
00000E76
00000012
000004CF
00000013
00084132
00000014
0000008E
00000015
00000000
00000005
00000023
00000001
C0000000
00000004
80900000
00000003
D0000000
00000013
0000023E
00000014
00000095
00000016
00000090
00000006
00000082
00000007
00000000
00000008
00000001
0000000f
00001400
00000010
00000A00
00000009
00000050
0000000a
00000050
0000000b
00000008
0000000c
00000004
0000000d
00000002
00000017
00000900
00000018
00000100
00000005
00000001
00000001
D0000000
00000002
B0000000
00000003
C0000000
00000006
00000088
00000007
00000000
0000000f
00000A00
00000010
00001400
0000000a
00000050
0000000c
00000002
0000000d
00000001
00000011
00000B50
00000012
000007C1
00000013
00090575
00000014
00000090
00000015
00000000
00000005
00000003
00000001
C0000000
00000004
80E00000
00000003
A0000000
00000013
0000013C
00000014
00000000
00000016
0000008B
00000006
00000002
00000007
00000000
00000008
00000001
0000000f
00001400
00000010
00001400
00000009
00000050
0000000a
00000050
0000000b
00000010
0000000c
00000004
0000000d
00000004
00000017
00001200
00000018
00000200
00000005
00000001
00000001
A0000000
00000004
80F00000
00000003
B0000000
00000013
000000FF
00000014
0000008B
00000016
00000089
00000006
00000001
00000007
00000001
00000008
00000001
0000000f
00001400
00000010
00001400
00000009
00000050
0000000a
00000050
0000000b
00000020
0000000c
00000004
0000000d
00000008
00000017
00012400
00000018
00000400
00000005
00000001
00000001
B0000000
00000004
81000000
00000003
C0000000
00000013
000001BB
00000014
00000089
00000016
000000A1
00000006
00000002
00000007
00000000
00000008
00000001
0000000f
00001400
00000010
00000A00
00000009
00000028
0000000a
00000028
0000000b
00000020
0000000c
00000008
0000000d
00000004
00000017
00002200
00000018
00000200
00000005
00000001
00000001
C0000000
00000004
81200000
00000003
B0000000
00000013
00000238
00000014
000000A1
00000016
00000077
00000006
00000002
00000007
00000000
00000008
00000001
0000000f
00000A00
00000010
00000A00
00000009
00000028
0000000a
00000028
0000000b
00000010
0000000c
00000004
0000000d
00000004
00000017
00001200
00000018
00000200
00000005
00000020
00000001
B0000000
00000004
81300000
00000003
E0000000
00000013
00000101
00000014
00000077
00000016
00000086
00000006
00000081
00000007
00000000
00000008
00000001
0000000f
00000A00
00000010
00000A00
00000009
00000028
0000000a
00000028
0000000b
00000010
0000000c
00000004
0000000d
00000004
00000017
00009200
00000018
00000200
00000005
00000021
00000001
E0000000
00000002
C0000000
00000003
D0000000
00000006
00000084
00000007
00000000
0000000f
00000A00
00000010
00000A00
0000000a
00000028
0000000d
00000001
00000011
000005F4
00000012
000004BD
00000013
001344FC
00000014
00000086
00000015
000000A1
00000005
00000023
00000001
D0000000
00000004
81400000
00000003
C0000000
00000013
000001F0
00000014
00000000
00000016
0000008A
00000006
00000002
00000007
00000000
00000008
00000001
0000000f
00000A00
00000010
00000A00
00000009
00000028
0000000a
00000028
0000000b
00000010
0000000c
00000004
0000000d
00000004
00000017
00001200
00000018
00000200
00000005
00000020
00000001
C0000000
00000004
81500000
00000003
E0000000
00000013
000000D5
00000014
0000008A
00000016
0000008A
00000006
00000081
00000007
00000000
00000008
00000001
0000000f
00000A00
00000010
00000A00
00000009
00000028
0000000a
00000028
0000000b
00000010
0000000c
00000004
0000000d
00000004
00000017
00009200
00000018
00000200
00000005
00000021
00000001
E0000000
00000002
D0000000
00000003
C0000000
00000006
00000084
00000007
00000000
0000000f
00000A00
00000010
00000A00
0000000a
00000028
0000000d
00000001
00000011
0000089E
00000012
00000352
00000013
000D2EBB
00000014
0000008A
00000015
00000000
00000005
00000023
00000001
C0000000
00000004
81600000
00000003
B0000000
00000013
00000113
00000014
00000000
00000016
0000008F
00000006
00000002
00000007
00000000
00000008
00000001
0000000f
00000A00
00000010
00000A00
00000009
00000028
0000000a
00000028
0000000b
00000010
0000000c
00000004
0000000d
00000004
00000017
00001200
00000018
00000200
00000005
00000020
00000001
B0000000
00000004
81700000
00000003
E0000000
00000013
0000010C
00000014
0000008F
00000016
0000008B
00000006
00000081
00000007
00000000
00000008
00000001
0000000f
00000A00
00000010
00000A00
00000009
00000028
0000000a
00000028
0000000b
00000010
0000000c
00000004
0000000d
00000004
00000017
00009200
00000018
00000200
00000005
00000021
00000001
E0000000
00000002
C0000000
00000003
D0000000
00000006
00000084
00000007
00000000
0000000f
00000A00
00000010
00000A00
0000000a
00000028
0000000d
00000001
00000011
00000B05
00000012
000004DB
00000013
00096D37
00000014
0000008B
00000015
00000000
00000005
00000023
00000001
B0000000
00000004
81100000
00000003
D0000000
00000013
00000308
00000014
00000089
00000016
0000007D
00000006
00000082
00000007
00000000
00000008
00000001
0000000f
00001400
00000010
00000A00
00000009
00000028
0000000a
00000028
0000000b
00000020
0000000c
00000008
0000000d
00000004
00000017
00002200
00000018
00000200
00000005
00000001
00000001
D0000000
00000002
D0000000
00000003
C0000000
00000006
00000088
00000007
00000000
0000000f
00000A00
00000010
00001400
0000000a
00000028
0000000c
00000004
0000000d
00000001
00000011
00000AB8
00000012
000006CA
00000013
000A0DD3
00000014
0000007D
00000015
00000000
00000005
00000003
00000001
C0000000
00000004
81800000
00000003
A5000000
00000013
000000D6
00000014
00000000
00000016
00000094
00000006
00000002
00000007
00000000
00000008
00000001
0000000f
00001400
00000010
00001400
00000009
00000028
0000000a
00000028
0000000b
00000040
0000000c
00000008
0000000d
00000008
00000017
00004400
00000018
00000400
00000005
00000001
00000001
A5000000
00000004
81900000
00000003
B0000000
00000013
000000D1
00000014
00000094
00000016
00000085
00000006
00000001
00000007
00000001
00000008
00000001
0000000f
00001400
00000010
00001400
00000009
00000028
0000000a
00000028
0000000b
00000080
0000000c
00000008
0000000d
00000010
00000017
00048800
00000018
00000800
00000005
00000001
00000001
B0000000
00000004
81A00000
00000003
C0000000
00000013
000001F2
00000014
00000085
00000016
00000070
00000006
00000002
00000007
00000000
00000008
00000001
0000000f
00001400
00000010
00000A00
00000009
00000014
0000000a
00000014
0000000b
00000080
0000000c
00000010
0000000d
00000008
00000017
00008400
00000018
00000400
00000005
00000001
00000001
C0000000
00000004
81C00000
00000003
B0000000
00000013
000001D1
00000014
00000070
00000016
00000062
00000006
00000002
00000007
00000000
00000008
00000001
0000000f
00000A00
00000010
00000A00
00000009
00000014
0000000a
00000014
0000000b
00000040
0000000c
00000008
0000000d
00000008
00000017
00004400
00000018
00000400
00000005
00000020
00000001
B0000000
00000004
81D00000
00000003
E0000000
00000013
0000010A
00000014
00000062
00000016
00000080
00000006
00000081
00000007
00000000
00000008
00000001
0000000f
00000A00
00000010
00000A00
00000009
00000014
0000000a
00000014
0000000b
00000040
0000000c
00000008
0000000d
00000008
00000017
00024400
00000018
00000400
00000005
00000021
00000001
E0000000
00000002
C0000000
00000003
D0000000
00000006
00000084
00000007
00000000
0000000f
00000A00
00000010
00000A00
0000000a
00000014
0000000d
00000001
00000011
00000C31
00000012
000005F8
00000013
000A6CC2
00000014
00000080
00000015
00000070
00000005
00000023
00000001
B0000000
00000004
81B00000
00000003
D0000000
00000013
0000017B
00000014
00000085
00000016
00000087
00000006
00000082
00000007
00000000
00000008
00000001
0000000f
00001400
00000010
00000A00
00000009
00000014
0000000a
00000014
0000000b
00000080
0000000c
00000010
0000000d
00000008
00000017
00008400
00000018
00000400
00000005
00000001
00000001
D0000000
00000002
D0000000
00000003
C0000000
00000006
00000088
00000007
00000000
0000000f
00000A00
00000010
00001400
0000000a
00000014
0000000c
00000008
0000000d
00000001
00000011
0000095B
00000012
00000624
00000013
000B5C8E
00000014
00000087
00000015
00000000
00000005
00000003
00000001
C0000000
00000004
81E00000
00000003
B0000000
00000013
000000D8
00000014
00000000
00000016
0000008A
00000006
00000002
00000007
00000000
00000008
00000001
0000000f
00001400
00000010
00001400
00000009
00000014
0000000a
00000014
0000000b
00000100
0000000c
00000010
0000000d
00000010
00000017
00010800
00000018
00000800
00000005
00000020
00000001
B0000000
00000004
81F00000
00000003
C0000000
00000013
0000018C
00000014
0000008A
00000016
00000066
00000006
00000002
00000007
00000000
00000008
00000001
0000000f
00001400
00000010
00000A00
00000009
00000014
0000000a
00000014
0000000b
00000080
0000000c
00000010
0000000d
00000008
00000017
00008400
00000018
00000400
00000005
00000021
00000001
C0000000
00000003
D0000000
00000006
00000010
00000007
00000000
0000000f
00000A00
00000010
00000A00
00000009
00000014
0000000a
00000014
0000000c
00000008
0000000d
00000008
00000005
00000004
00000001
D0000000
00000002
C0000000
00000003
B0000000
00000006
00000008
00000007
00000000
0000000f
00000A00
00000010
00001400
0000000a
00000014
0000000c
00000008
0000000d
00000001
00000011
00000664
00000012
00000664
00000013
000B7ECC
00000014
00000066
00000015
00000066
00000005
00000002
00000001
D0000000
00000003
E0000000
00000006
00000010
00000007
00000000
0000000f
00000A00
00000010
00000A00
00000009
00000014
0000000a
00000014
0000000c
00000008
0000000d
00000008
00000005
00000004
00000001
E0000000
00000003
F0000000
00000006
00000090
00000007
00000000
0000000f
00000A00
00000010
00000A00
00000009
00000014
0000000a
00000014
0000000c
00000008
0000000d
00000008
00000005
00000004
00000001
F0000000
00000002
E0000000
00000003
C0000000
00000006
00000088
00000007
00000000
0000000f
00000A00
00000010
00001400
0000000a
00000014
0000000c
00000008
0000000d
00000001
00000011
00000664
00000012
00000664
00000013
000B7ECC
00000014
00000066
00000015
00000066
00000005
00000006
00000001
C0000000
00000002
B0000000
00000003
D0000000
00000006
00000008
00000007
00000000
0000000f
00001400
00000010
00002800
0000000a
00000014
0000000c
00000010
0000000d
00000001
00000011
00008000
00000012
00008000
00000013
00008000
00000014
00000000
00000015
00000000
00000005
00000002
00000001
D0000000
00000004
82000000
00000003
B0000000
00000013
000000F7
00000014
00000000
00000016
00000090
00000006
00000002
00000007
00000000
00000008
00000001
0000000f
00002800
00000010
00001400
00000009
00000014
0000000a
00000014
0000000b
00000200
0000000c
00000020
0000000d
00000010
00000017
00020800
00000018
00000800
00000005
00000020
00000001
B0000000
00000004
82100000
00000003
C0000000
00000013
000003B2
00000014
00000090
00000016
00000083
00000006
00000002
00000007
00000000
00000008
00000001
0000000f
00001400
00000010
00000A00
00000009
00000014
0000000a
00000014
0000000b
00000080
0000000c
00000010
0000000d
00000008
00000017
00008400
00000018
00000400
00000005
00000021
00000001
C0000000
00000003
D0000000
00000006
000000A0
00000007
00000000
0000000f
00000A00
00000010
00001400
0000000a
00000014
0000000c
00000008
0000000d
00000001
00000005
00000008
00000001
D0000000
00000002
A5000000
00000003
B0000000
00000006
00000088
00000007
00000000
0000000f
00001400
00000010
00002800
0000000a
00000028
0000000c
00000008
0000000d
00000001
00000011
00000799
00000012
00000719
00000013
000E8E3A
00000014
00000083
00000015
00000094
00000005
0000000A
00000001
B0000000
00000004
82200000
00000003
D0000000
00000013
00000108
00000014
00000000
00000016
0000008F
00000006
00000002
00000007
00000000
00000008
00000001
0000000f
00002800
00000010
00000A00
00000009
00000028
0000000a
00000028
0000000b
00000040
0000000c
00000010
0000000d
00000004
00000017
00004200
00000018
00000200
00000005
00000001
00000001
D0000000
00000004
82400000
00000003
B0000000
00000013
000001FB
00000014
0000008F
00000016
0000007A
00000006
00000002
00000007
00000000
00000008
00000001
0000000f
00000A00
00000010
00000A00
00000009
00000028
0000000a
00000028
0000000b
00000010
0000000c
00000004
0000000d
00000004
00000017
00001200
00000018
00000200
00000005
00000020
00000001
B0000000
00000004
82500000
00000003
D0000000
00000013
0000011C
00000014
0000007A
00000016
00000078
00000006
00000001
00000007
00000000
00000008
00000001
0000000f
00000A00
00000010
00000A00
00000009
00000028
0000000a
00000028
0000000b
00000010
0000000c
00000004
0000000d
00000004
00000017
00009200
00000018
00000200
00000005
00000021
00000001
B0000000
00000004
82300000
00000003
E0000000
00000013
000000C0
00000014
00000000
00000016
00000088
00000006
00000082
00000007
00000000
00000008
00000001
0000000f
00002800
00000010
00000A00
00000009
00000028
0000000a
00000028
0000000b
00000040
0000000c
00000010
0000000d
00000004
00000017
00004200
00000018
00000200
00000005
00000001
00000001
E0000000
00000002
D0000000
00000003
B0000000
00000006
00000088
00000007
00000000
0000000f
00000A00
00000010
00001400
0000000a
00000028
0000000c
00000004
0000000d
00000001
00000011
000006B8
00000012
0000070A
00000013
001291BE
00000014
00000088
00000015
00000078
00000005
00000003
00000001
B0000000
00000004
82600000
00000003
D0000000
00000013
00000133
00000014
00000000
00000016
00000085
00000006
00000002
00000007
00000000
00000008
00000001
0000000f
00001400
00000010
00001400
00000009
00000028
0000000a
00000028
0000000b
00000040
0000000c
00000008
0000000d
00000008
00000017
00004400
00000018
00000400
00000005
00000020
00000001
D0000000
00000004
82700000
00000003
B0000000
00000013
000003CD
00000014
00000085
00000016
00000062
00000006
00000002
00000007
00000000
00000008
00000001
0000000f
00001400
00000010
00000A00
00000009
00000028
0000000a
00000028
0000000b
00000020
0000000c
00000008
0000000d
00000004
00000017
00002200
00000018
00000200
00000005
00000021
00000001
B0000000
00000003
D0000000
00000006
00000020
00000007
00000000
0000000f
00000A00
00000010
00001400
0000000a
00000028
0000000c
00000004
0000000d
00000001
00000005
00000008
00000001
A0000000
00000002
D0000000
00000003
E0000000
00000006
00000008
00000007
00000000
0000000f
00001400
00000010
00002800
0000000a
00000050
0000000c
00000004
0000000d
00000001
00000011
00000723
00000012
00000741
00000013
0011F180
00000014
0000008B
00000015
00000062
00000005
00000002
00000001
E0000000
00000004
82800000
00000003
D0000000
00000013
000000C8
00000014
00000000
00000016
00000097
00000006
00000002
00000007
00000000
00000008
00000001
0000000f
00002800
00000010
00000A00
00000009
00000050
0000000a
00000050
0000000b
00000010
0000000c
00000008
0000000d
00000002
00000017
00001100
00000018
00000100
00000005
00000001
00000001
D0000000
00000004
82A00000
00000003
E0000000
00000013
000002BE
00000014
00000097
00000016
0000007F
00000006
00000002
00000007
00000000
00000008
00000001
0000000f
00000A00
00000010
00000A00
00000009
00000050
0000000a
00000050
0000000b
00000004
0000000c
00000002
0000000d
00000002
00000017
00000500
00000018
00000100
00000005
00000020
00000001
E0000000
00000004
82B00000
00000003
D0000000
00000013
000000E9
00000014
0000007F
00000016
00000081
00000006
00000001
00000007
00000000
00000008
00000001
0000000f
00000A00
00000010
00000A00
00000009
00000050
0000000a
00000050
0000000b
00000004
0000000c
00000002
0000000d
00000002
00000017
00002500
00000018
00000100
00000005
00000021
00000001
E0000000
00000004
82900000
00000003
F0000000
00000013
00000142
00000014
00000000
00000016
00000073
00000006
00000082
00000007
00000000
00000008
00000001
0000000f
00002800
00000010
00000A00
00000009
00000050
0000000a
00000050
0000000b
00000010
0000000c
00000008
0000000d
00000002
00000017
00001100
00000018
00000100
00000005
00000001
00000001
F0000000
00000002
D0000000
00000003
E0000000
00000006
00000088
00000007
00000000
0000000f
00000A00
00000010
00001400
0000000a
00000050
0000000c
00000002
0000000d
00000001
00000011
00000636
00000012
00000AD5
00000013
000BEFC4
00000014
00000073
00000015
00000081
00000005
00000003
00000001
E0000000
00000004
82C00000
00000003
AA000000
00000013
000004A5
00000014
00000000
00000016
0000005E
00000006
00000002
00000007
00000000
00000008
00000001
0000000f
00001400
00000010
00001400
00000009
00000050
0000000a
00000050
0000000b
00000010
0000000c
00000004
0000000d
00000004
00000017
00001200
00000018
00000200
00000005
00000001
00000001
AA000000
00000004
83B00000
00000003
AC000000
00000013
000001A0
00000014
0000005E
00000016
000000AC
00000006
00000002
00000007
00000000
00000008
00000000
0000000f
00001400
00000010
00000A00
00000009
00000050
0000000a
00000050
0000000b
00000008
0000000c
00000004
0000000d
00000002
00000017
00000900
00000018
00000100
00000005
00000001
00000001
AA000000
00000004
82D00000
00000003
F0000000
00000013
000000E2
00000014
0000005E
00000016
00000088
00000006
00000081
00000007
00000001
00000008
00000001
0000000f
00001400
00000010
00000A00
00000009
00000050
0000000a
00000050
0000000b
00000010
0000000c
00000004
0000000d
00000004
00000017
00009200
00000018
00000200
00000005
00000001
00000001
F0000000
00000002
B0000000
00000003
E0000000
00000006
00000088
00000007
00000000
0000000f
00000A00
00000010
00001400
0000000a
00000028
0000000c
00000004
0000000d
00000001
00000011
000008CA
00000012
00000741
00000013
000E92D5
00000014
00000088
00000015
00000062
00000005
00000003
00000001
E0000000
00000004
82E00000
00000003
D0000000
00000013
000000D9
00000014
00000000
00000016
00000087
00000006
00000002
00000007
00000000
00000008
00000001
0000000f
00001400
00000010
00000A00
00000009
00000028
0000000a
00000028
0000000b
00000020
0000000c
00000008
0000000d
00000004
00000017
00002200
00000018
00000200
00000005
00000001
00000001
D0000000
00000004
83000000
00000003
E0000000
00000013
000001D3
00000014
00000087
00000016
0000007C
00000006
00000002
00000007
00000000
00000008
00000001
0000000f
00000A00
00000010
00000A00
00000009
00000028
0000000a
00000028
0000000b
00000010
0000000c
00000004
0000000d
00000004
00000017
00001200
00000018
00000200
00000005
00000020
00000001
E0000000
00000004
83100000
00000003
F0000000
00000013
0000020E
00000014
0000007C
00000016
0000007A
00000006
00000001
00000007
00000000
00000008
00000001
0000000f
00000A00
00000010
00000A00
00000009
00000028
0000000a
00000028
0000000b
00000010
0000000c
00000004
0000000d
00000004
00000017
00009200
00000018
00000200
00000005
00000021
00000001
E0000000
00000004
82F00000
00000003
B0000000
00000013
00000140
00000014
00000000
00000016
00000097
00000006
00000082
00000007
00000000
00000008
00000001
0000000f
00001400
00000010
00000A00
00000009
00000028
0000000a
00000028
0000000b
00000020
0000000c
00000008
0000000d
00000004
00000017
00002200
00000018
00000200
00000005
00000001
00000001
B0000000
00000002
F0000000
00000003
E0000000
00000006
00000088
00000007
00000000
0000000f
00000A00
00000010
00001400
0000000a
00000028
0000000c
00000004
0000000d
00000001
00000011
000007B3
00000012
00000B3D
00000013
000C1A2E
00000014
00000097
00000015
0000007A
00000005
00000003
00000001
E0000000
00000004
83200000
00000003
A5000000
00000013
00000351
00000014
00000000
00000016
00000046
00000006
00000002
00000007
00000000
00000008
00000001
0000000f
00001400
00000010
00001400
00000009
00000028
0000000a
00000028
0000000b
00000040
0000000c
00000008
0000000d
00000008
00000017
00004400
00000018
00000400
00000005
00000001
00000001
A5000000
00000004
83A00000
00000003
A8000000
00000013
00000154
00000014
00000046
00000016
00000099
00000006
00000002
00000007
00000000
00000008
00000000
0000000f
00001400
00000010
00000500
00000009
00000028
0000000a
00000028
0000000b
00000010
0000000c
00000008
0000000d
00000002
00000017
00001100
00000018
00000100
00000005
00000001
00000001
A5000000
00000004
83300000
00000003
B0000000
00000013
000000C2
00000014
00000046
00000016
0000008E
00000006
00000081
00000007
00000001
00000008
00000001
0000000f
00001400
00000010
00000A00
00000009
00000028
0000000a
00000028
0000000b
00000040
0000000c
00000008
0000000d
00000008
00000017
00024400
00000018
00000400
00000005
00000001
00000001
B0000000
00000002
C0000000
00000003
E0000000
00000006
00000088
00000007
00000000
0000000f
00000A00
00000010
00001400
0000000a
00000014
0000000c
00000008
0000000d
00000001
00000011
0000093F
00000012
00000799
00000013
000DA3FE
00000014
0000008E
00000015
00000083
00000005
00000003
00000001
E0000000
00000004
83400000
00000003
B0000000
00000013
00000158
00000014
00000000
00000016
00000085
00000006
00000002
00000007
00000000
00000008
00000001
0000000f
00001400
00000010
00000A00
00000009
00000014
0000000a
00000014
0000000b
00000080
0000000c
00000010
0000000d
00000008
00000017
00008400
00000018
00000400
00000005
00000001
00000001
B0000000
00000004
83600000
00000003
D0000000
00000013
0000021F
00000014
00000085
00000016
0000009B
00000006
00000002
00000007
00000000
00000008
00000001
0000000f
00000A00
00000010
00000A00
00000009
00000014
0000000a
00000014
0000000b
00000040
0000000c
00000008
0000000d
00000008
00000017
00004400
00000018
00000400
00000005
00000020
00000001
D0000000
00000004
83700000
00000003
F0000000
00000013
00000155
00000014
0000009B
00000016
0000009E
00000006
00000001
00000007
00000000
00000008
00000001
0000000f
00000A00
00000010
00000A00
00000009
00000014
0000000a
00000014
0000000b
00000040
0000000c
00000008
0000000d
00000008
00000017
00024400
00000018
00000400
00000005
00000021
00000001
E0000000
00000004
83500000
00000003
C0000000
00000013
0000013D
00000014
00000000
00000016
00000087
00000006
00000082
00000007
00000000
00000008
00000001
0000000f
00001400
00000010
00000A00
00000009
00000014
0000000a
00000014
0000000b
00000080
0000000c
00000010
0000000d
00000008
00000017
00008400
00000018
00000400
00000005
00000001
00000001
C0000000
00000002
F0000000
00000003
E0000000
00000006
00000088
00000007
00000000
0000000f
00000A00
00000010
00001400
0000000a
00000014
0000000c
00000008
0000000d
00000001
00000011
000005EA
00000012
0000101C
00000013
000AD917
00000014
00000087
00000015
0000009E
00000005
00000003
00000001
E0000000
00000004
83800000
00000003
A0000000
00000013
0000057F
00000014
00000000
00000016
00000044
00000006
00000002
00000007
00000000
00000008
00000001
0000000f
00001400
00000010
00001400
00000009
00000014
0000000a
00000014
0000000b
00000100
0000000c
00000010
0000000d
00000010
00000017
00010800
00000018
00000800
00000005
00000020
00000001
A0000000
00000004
83900000
00000003
A3000000
00000013
000000B5
00000014
00000044
00000016
0000008A
00000006
00000002
00000007
00000000
00000008
00000000
0000000f
00001400
00000010
00000280
00000009
00000014
0000000a
00000014
0000000b
00000020
0000000c
00000010
0000000d
00000002
00000017
00002100
00000018
00000100
00000005
00000021
0000000E
00000001
