117
117
255
255
255
117
117
117
117
117
255
255
255
117
117
117
221
255
255
117
121
117
117
255
117
255
255
117
249
255
255
117
153
117
117
249
255
255
117
117
255
255
117
241
193
239
255
117
255
117
117
146
206
255
117
117
253
117
117
244
255
117
117
190
117
117
255
255
255
117
117
117
117
117
255
255
255
117
117
117
227
255
255
117
128
117
117
255
117
255
255
117
255
255
255
117
155
117
117
255
255
255
117
117
255
255
117
233
204
244
255
117
255
117
117
141
212
255
117
117
255
117
117
235
255
117
117
186
117
117
255
255
255
117
117
117
117
117
255
255
255
117
117
117
224
255
255
117
139
117
117
255
117
255
255
117
254
255
255
117
151
117
117
255
255
255
117
117
255
255
117
225
206
245
255
117
255
117
117
138
210
255
117
117
255
117
117
255
255
117
117
189
117
117
255
255
255
117
117
117
117
117
255
255
255
117
117
117
215
255
255
117
139
117
117
255
117
255
255
117
255
255
255
117
168
117
117
255
255
255
117
117
255
255
117
229
213
247
255
117
255
117
117
130
219
255
117
117
248
117
117
244
255
117
117
200
117
117
255
255
255
117
117
117
117
117
255
255
255
117
117
117
219
255
255
117
153
117
117
255
117
255
255
117
255
255
255
117
160
117
117
255
255
255
117
117
255
255
117
235
202
255
255
117
255
117
117
132
220
255
117
117
251
117
117
247
255
117
117
205
117
117
255
255
255
117
117
117
117
117
255
255
255
117
117
117
224
255
255
117
143
117
117
255
117
248
255
117
255
255
255
117
155
117
117
255
255
255
117
117
255
255
117
236
202
255
255
117
255
117
117
140
216
255
117
117
251
117
117
229
255
117
117
194
117
117
255
255
255
117
117
117
117
117
255
255
255
117
117
117
227
255
255
117
151
117
117
255
117
255
255
117
255
255
255
117
165
117
117
255
255
255
117
117
255
255
117
236
203
255
255
117
255
117
117
140
225
255
117
117
255
117
117
228
255
117
117
197
117
117
255
255
255
117
117
117
117
117
255
255
255
117
117
117
232
255
255
117
144
117
117
255
117
249
255
117
255
255
255
117
174
117
117
255
255
255
117
117
255
255
117
242
210
255
255
117
255
117
117
138
225
255
117
117
254
117
117
237
255
117
117
196
117
117
255
255
255
117
117
117
117
117
255
255
255
117
117
117
246
255
255
117
165
117
117
255
117
238
255
117
255
255
255
117
184
117
117
255
255
255
117
117
255
255
117
249
209
255
255
117
255
117
117
138
230
255
117
117
233
117
117
220
255
117
117
198
117
117
255
255
255
117
117
117
117
117
255
255
255
117
117
117
247
255
255
117
160
117
117
255
117
235
255
117
255
255
255
117
185
117
117
255
255
255
117
117
255
255
117
249
208
255
255
117
255
117
117
138
231
255
117
117
241
117
117
220
255
117
117
206
117
117
255
255
255
117
117
117
117
117
255
255
255
117
117
117
242
255
255
117
165
117
117
255
117
238
255
117
255
255
255
117
181
117
117
255
255
255
117
117
255
255
117
242
205
255
255
117
255
117
117
140
227
255
117
117
247
117
117
226
255
117
117
205
117
117
255
255
255
117
117
117
117
117
255
255
255
117
117
117
236
255
255
117
160
117
117
255
117
253
255
117
255
255
255
117
184
117
117
255
255
255
117
117
255
255
117
227
207
255
255
117
255
117
117
137
233
255
117
117
255
117
117
226
255
117
117
195
117
117
255
255
255
117
117
117
117
117
255
255
255
117
117
117
234
255
255
117
163
117
117
255
117
255
255
117
255
255
255
117
178
117
117
255
255
255
117
117
255
255
117
216
203
248
255
117
255
117
117
134
231
255
117
117
253
117
117
236
255
117
117
191
117
117
255
255
255
117
117
117
117
117
255
255
255
117
117
117
229
255
255
117
168
117
117
255
117
255
255
117
255
255
255
117
170
117
117
255
255
255
117
117
255
255
117
219
198
248
255
117
255
117
117
133
234
255
117
117
249
117
117
229
255
117
117
199
117
117
255
255
255
117
117
117
117
117
255
255
255
117
117
117
236
255
255
117
159
117
117
255
117
253
255
117
255
255
255
117
173
117
117
255
255
255
117
117
255
255
117
236
198
255
255
117
255
117
117
132
236
255
117
117
246
117
117
229
255
117
117
203
117
117
255
255
255
117
117
117
117
117
255
255
255
117
117
117
227
255
255
117
156
117
117
255
117
245
255
117
255
255
255
117
155
117
117
255
255
255
117
117
255
255
117
235
215
255
255
117
255
117
117
136
238
255
117
117
227
117
117
234
255
117
117
206
117
117
255
255
255
117
117
117
117
117
255
255
255
117
117
117
229
255
255
117
146
117
117
255
117
255
255
117
255
255
255
117
172
117
117
255
255
255
117
117
255
255
117
228
211
255
255
117
255
117
117
132
247
255
117
117
240
117
117
240
255
117
117
193
117
117
255
255
255
117
117
117
117
117
255
255
255
117
117
117
231
255
255
117
149
117
117
255
117
254
255
117
255
255
255
117
176
117
117
255
255
255
117
117
255
255
117
225
208
255
255
117
255
117
117
127
247
255
117
117
238
117
117
238
255
117
117
198
117
117
255
255
255
117
117
117
117
117
255
255
255
117
117
117
242
255
255
117
145
117
117
255
117
251
255
117
255
255
255
117
182
117
117
255
255
255
117
117
255
255
117
233
206
255
255
117
255
117
117
128
243
255
117
117
243
117
117
233
255
117
117
200
117
117
255
255
255
117
117
117
117
117
255
255
255
117
117
117
235
255
255
117
140
117
117
255
117
251
255
117
255
255
255
117
179
117
117
255
255
255
117
117
255
255
117
230
202
255
255
117
255
117
117
130
240
255
117
117
231
117
117
237
255
117
117
208
117
117
255
255
255
117
117
117
117
117
255
255
255
117
117
117
227
255
255
117
135
117
117
255
117
255
255
117
255
255
255
117
171
117
117
255
255
255
117
117
255
255
117
233
191
255
255
117
255
117
117
132
233
255
117
117
238
117
117
236
255
117
117
215
117
117
255
255
255
117
117
117
117
117
255
255
255
117
117
117
232
255
255
117
142
117
117
255
117
254
255
117
255
255
255
117
174
117
117
255
255
255
117
117
255
255
117
229
199
255
255
117
255
117
117
132
231
255
117
117
233
117
117
239
255
117
117
204
117
117
255
255
255
117
117
117
117
117
255
255
255
117
117
117
229
255
255
117
140
117
117
255
117
255
255
117
255
255
255
117
171
117
117
255
255
255
117
117
255
255
117
230
192
255
255
117
255
117
117
132
236
255
117
117
233
117
117
234
255
117
117
213
117
117
255
255
255
117
117
117
117
117
255
255
255
117
117
117
234
255
255
117
144
117
117
255
117
255
255
117
255
255
255
117
178
117
117
255
255
255
117
117
255
255
117
232
196
255
255
117
255
117
117
131
238
255
117
117
231
117
117
234
255
117
117
207
117
117
255
255
255
117
117
117
117
117
255
255
255
117
117
117
229
255
255
117
140
117
117
255
117
251
255
117
255
255
255
117
157
117
117
255
255
255
117
117
255
255
117
222
185
255
255
117
255
117
117
130
240
255
117
117
231
117
117
232
255
117
117
213
117
117
255
255
255
117
117
117
117
117
255
255
255
117
117
117
230
255
255
117
144
117
117
255
117
255
255
117
255
255
255
117
161
117
117
255
255
255
117
117
255
255
117
218
175
255
255
117
255
117
117
131
243
255
117
117
235
117
117
230
255
117
117
221
117
117
255
255
255
117
117
117
117
117
255
255
255
117
117
117
245
255
255
117
157
117
117
255
117
255
255
117
255
255
255
117
172
117
117
255
255
255
117
117
255
255
117
220
191
247
255
117
255
117
117
131
243
255
117
117
230
117
117
233
255
117
117
212
117
117
255
255
255
117
117
117
117
117
255
255
255
117
117
117
236
255
255
117
143
117
117
255
117
248
255
117
255
255
255
117
166
117
117
255
255
255
117
117
255
255
117
235
197
255
255
117
255
117
117
127
238
255
117
117
234
117
117
225
255
117
117
202
117
117
255
255
255
117
117
117
117
117
255
255
255
117
117
117
230
255
255
117
141
117
117
255
117
252
255
117
255
255
255
117
159
117
117
255
255
255
117
117
255
255
117
227
201
254
255
117
255
117
117
127
237
255
117
117
238
117
117
236
255
117
117
206
117
117
255
255
255
117
117
117
117
117
255
255
255
117
117
117
228
255
255
117
133
117
117
255
117
248
255
117
255
255
255
117
171
117
117
255
255
255
117
117
255
255
117
222
213
255
255
117
255
117
117
131
232
255
117
117
243
117
117
239
255
117
117
197
117
117
255
255
255
117
117
117
117
117
255
255
255
117
117
117
229
255
255
117
128
117
117
255
117
255
255
117
255
255
255
117
158
117
117
254
255
255
117
117
255
255
117
223
207
238
255
117
255
117
117
138
223
255
117
117
252
117
117
246
255
117
117
190
117
117
255
255
255
117
117
117
117
117
255
255
255
117
117
117
220
255
255
117
127
117
117
255
117
255
255
117
255
255
255
117
170
117
117
251
255
255
117
117
255
255
117
235
202
241
255
117
255
117
117
130
227
255
117
117
234
117
117
236
255
117
117
207
117
117
255
255
255
117
117
117
117
117
255
255
255
117
117
117
219
255
255
117
131
117
117
255
117
255
255
117
255
255
255
117
160
117
117
246
255
255
117
117
255
255
117
229
206
239
255
117
255
117
117
131
224
255
117
117
232
117
117
240
255
117
117
200
117
117
255
255
255
117
117
117
117
117
255
255
255
117
117
117
227
255
255
117
143
117
117
255
117
255
255
117
255
255
255
117
160
117
117
240
255
255
117
117
255
255
117
223
210
234
255
117
255
117
117
131
229
255
117
117
238
117
117
246
255
117
117
192
117
117
255
255
255
117
117
117
117
117
255
255
255
117
117
117
224
255
255
117
147
117
117
255
117
255
255
117
255
255
255
117
149
117
117
250
255
255
117
117
255
255
117
218
208
239
255
117
255
117
117
131
236
255
117
117
241
117
117
245
255
117
117
203
117
117
255
255
255
117
117
117
117
117
255
255
255
117
117
117
225
255
255
117
147
117
117
255
117
250
255
117
255
255
255
117
154
117
117
255
255
255
117
117
255
255
117
229
208
247
255
117
255
117
117
133
228
255
117
117
237
117
117
240
255
117
117
206
117
117
255
255
255
117
117
117
117
117
255
255
255
117
117
117
225
255
255
117
149
117
117
255
117
252
255
117
255
255
255
117
154
117
117
250
255
255
117
117
255
255
117
237
201
243
255
117
255
117
117
133
214
255
117
117
238
117
117
237
255
117
117
202
117
117
255
255
255
117
117
117
117
117
255
255
255
117
117
117
225
255
255
117
148
117
117
255
117
248
255
117
255
255
255
117
153
117
117
255
255
255
117
117
255
255
117
238
201
251
255
117
255
117
117
133
219
255
117
117
242
117
117
235
255
117
117
205
117
117
255
255
255
117
117
117
117
117
255
255
255
117
117
117
242
255
255
117
154
117
117
255
117
242
255
117
255
255
255
117
150
117
117
255
255
255
117
117
255
255
117
241
203
255
255
117
255
117
117
139
219
255
117
117
239
117
117
229
255
117
117
199
117
117
255
255
255
117
117
117
117
117
255
255
255
117
117
117
245
255
255
117
157
117
117
255
117
236
255
117
255
255
255
117
169
117
117
255
255
255
117
117
255
255
117
255
202
255
255
117
255
117
117
147
219
255
117
117
244
117
117
228
255
117
117
182
117
119
255
255
255
117
117
117
117
117
255
255
255
117
117
117
251
255
255
117
136
117
117
255
117
249
255
117
220
255
255
117
158
117
117
248
255
255
117
117
255
255
117
252
218
226
255
117
255
117
117
173
200
255
117
117
255
117
117
229
255
117
117
169
117
117
255
255
255
117
117
117
117
117
255
255
255
117
117
117
238
255
255
117
143
117
117
255
117
253
255
117
239
255
255
117
180
117
117
249
255
255
117
117
255
255
117
244
229
244
255
117
255
119
117
169
215
255
117
117
255
117
117
218
255
117
117
170
117
117
255
255
255
117
117
117
117
129
255
255
255
117
117
117
235
255
255
117
152
117
117
255
117
251
255
117
248
255
255
117
178
117
117
255
255
255
117
117
255
255
117
235
239
255
255
117
255
117
117
172
223
255
117
117
255
117
117
218
255
117
117
172
117
117
255
255
255
117
117
117
117
124
255
255
255
117
117
117
239
255
255
117
158
117
117
255
117
251
255
117
255
255
255
117
185
117
117
255
255
255
117
117
255
255
117
245
232
255
255
117
255
117
117
169
224
255
117
117
255
117
117
207
255
117
117
167
117
117
255
255
255
117
117
117
117
127
255
255
255
117
117
117
241
255
255
117
173
117
117
255
117
248
255
117
254
255
255
117
181
117
117
255
255
255
117
117
255
255
117
243
224
255
255
117
255
117
117
164
227
255
117
117
255
117
117
205
255
117
117
170
117
117
255
255
255
117
117
117
117
117
255
255
255
117
117
117
243
255
255
117
163
117
117
255
117
233
255
117
250
255
255
117
166
117
117
255
255
255
117
117
255
255
117
241
224
252
255
117
255
117
117
161
220
255
117
117
255
117
117
209
255
117
117
177
117
117
255
255
255
117
117
117
117
125
255
255
255
117
117
117
235
255
255
117
160
117
117
255
117
238
255
117
255
255
255
117
167
117
117
255
255
255
117
117
255
255
117
237
227
255
255
117
255
117
117
159
226
255
117
117
255
117
117
209
255
117
117
167
117
117
255
255
255
117
117
117
117
124
255
255
255
117
117
117
246
255
255
117
166
117
117
255
117
240
255
117
255
255
255
117
180
117
117
255
255
255
117
117
255
255
117
236
223
255
255
117
255
117
117
158
232
255
117
117
255
117
117
218
255
117
117
171
117
117
255
255
255
117
117
117
117
118
255
255
255
117
117
117
255
255
255
117
177
117
117
255
117
231
255
117
255
255
255
117
191
117
117
255
255
255
117
117
255
255
117
253
220
255
255
117
255
117
117
162
233
255
117
117
255
117
117
201
255
117
117
176
117
117
255
255
255
117
117
117
117
125
255
255
255
117
117
117
255
255
255
117
176
117
117
255
117
227
255
117
255
255
255
117
191
117
117
255
255
255
117
117
255
255
117
251
220
255
255
117
255
117
117
159
229
255
117
117
255
117
117
206
255
117
117
174
117
117
255
255
255
117
117
117
117
125
255
255
255
117
117
117
255
255
255
117
168
117
117
255
117
233
255
117
255
255
255
117
202
117
117
255
255
255
117
117
255
255
117
247
229
255
255
117
255
117
117
159
229
255
117
117
255
117
117
206
255
117
117
169
117
117
255
255
255
117
117
117
117
122
255
255
255
117
117
117
255
255
255
117
175
117
117
255
117
241
255
117
255
255
255
117
193
117
117
255
255
255
117
117
255
255
117
236
220
255
255
117
255
117
117
158
227
255
117
117
255
117
117
214
255
117
117
168
117
117
255
255
255
117
117
117
117
118
255
255
255
117
117
117
246
255
255
117
168
117
117
255
117
255
255
117
252
255
255
117
191
117
117
255
255
255
117
117
255
255
117
233
222
255
255
117
255
117
117
167
223
255
117
117
255
117
117
206
255
117
117
162
117
117
255
255
255
117
117
117
117
127
255
255
255
117
117
117
250
255
255
117
162
117
117
255
117
253
255
117
255
255
255
117
181
117
117
255
255
255
117
117
255
255
117
238
223
255
255
117
255
117
117
169
224
255
117
117
255
117
117
203
255
117
117
169
117
117
255
255
255
117
117
117
117
127
255
255
255
117
117
117
249
255
255
117
159
117
117
255
117
251
255
117
253
255
255
117
180
117
117
255
255
255
117
117
255
255
117
238
214
255
255
117
255
117
117
170
238
255
117
117
255
117
117
211
255
117
117
169
117
117
255
255
255
117
117
117
117
118
255
255
255
117
117
117
234
255
255
117
157
117
117
255
117
235
255
117
255
255
255
117
167
117
117
255
255
255
117
117
255
255
117
245
217
255
255
117
255
117
117
165
222
255
117
117
255
117
117
204
255
117
117
174
117
117
255
255
255
117
117
117
117
124
255
255
255
117
117
117
231
255
255
117
157
117
117
255
117
237
255
117
254
255
255
117
181
117
117
255
255
255
117
117
255
255
117
236
227
255
255
117
255
117
117
164
236
255
117
117
255
117
117
208
255
117
117
166
117
117
255
255
255
117
117
117
117
127
255
255
255
117
117
117
236
255
255
117
169
117
117
255
117
243
255
117
255
255
255
117
193
117
117
255
255
255
117
117
255
255
117
242
226
255
255
117
255
117
117
163
228
255
117
117
255
117
117
198
255
117
117
168
117
117
255
255
255
117
117
117
117
129
255
255
255
117
117
117
254
255
255
117
177
117
117
255
117
246
255
117
255
255
255
117
207
117
117
255
255
255
117
117
255
255
117
250
231
255
255
117
255
117
117
171
236
255
117
117
252
117
117
192
255
117
117
172
117
117
255
255
255
117
117
117
117
122
255
255
255
117
117
117
255
255
255
117
172
117
117
255
117
248
255
117
255
255
255
117
210
117
117
255
255
255
117
117
255
255
117
254
234
255
255
117
255
117
117
172
233
255
117
117
250
117
117
190
255
117
117
177
117
117
255
255
255
117
117
117
117
128
255
255
255
117
117
117
255
255
255
117
171
117
117
255
117
241
255
117
255
255
255
117
199
117
117
255
255
255
117
117
255
255
117
254
234
255
255
117
255
123
117
172
235
255
117
117
244
117
117
192
255
117
117
181
117
117
255
255
255
117
117
117
117
134
255
255
255
117
117
117
255
255
255
117
171
117
117
255
117
243
255
117
255
255
255
117
200
117
117
255
255
255
117
117
255
255
117
254
228
255
255
117
255
122
117
171
235
255
117
117
245
117
117
198
255
117
117
178
117
117
255
255
255
117
117
117
117
129
255
255
255
117
117
117
255
255
255
117
176
117
117
255
117
251
255
117
255
255
255
117
200
117
117
255
255
255
117
117
255
255
117
250
236
255
255
117
255
122
117
174
236
255
117
117
244
117
117
190
255
117
117
179
117
117
255
255
255
117
117
117
117
135
255
255
255
117
117
117
255
255
255
117
178
117
117
255
117
253
255
117
252
255
255
117
215
117
117
255
255
255
117
117
255
255
117
255
232
255
255
117
255
121
117
174
239
255
117
117
246
117
117
192
255
117
117
174
117
117
255
255
255
117
117
117
117
132
255
255
255
117
117
117
252
255
255
117
169
117
117
255
117
233
255
117
248
255
255
117
199
117
117
255
255
255
117
117
255
255
117
254
235
255
255
117
255
117
117
179
235
255
117
117
235
117
117
179
255
117
117
180
117
117
255
255
255
117
117
117
117
138
255
255
255
117
117
117
244
255
255
117
171
117
117
255
117
239
255
117
255
255
255
117
202
117
117
255
255
255
117
117
255
255
117
252
229
255
255
117
255
124
117
175
233
255
117
117
239
117
117
187
255
117
117
176
117
117
255
255
255
117
117
117
117
129
255
255
255
117
117
117
252
255
255
117
160
117
117
255
117
242
255
117
255
255
255
117
199
117
117
255
255
255
117
117
255
255
117
235
217
255
255
117
255
123
117
177
232
255
117
117
255
117
117
208
255
117
117
183
117
117
255
255
255
117
117
117
117
132
255
255
255
117
117
117
245
255
255
117
164
117
117
255
117
233
255
117
255
255
255
117
196
117
117
255
255
255
117
117
255
255
117
253
228
255
255
117
255
117
117
179
228
255
117
117
255
117
117
187
255
117
117
175
117
117
255
255
255
117
117
117
117
130
255
255
255
117
117
117
254
255
255
117
159
117
117
255
117
228
255
117
255
255
255
117
187
117
117
255
255
255
117
117
255
255
117
246
233
255
255
117
255
117
117
176
234
255
117
117
246
117
117
187
255
117
117
165
117
117
255
255
255
117
117
117
117
122
255
255
255
117
117
117
245
255
255
117
166
117
117
255
117
236
255
117
246
255
255
117
192
117
117
255
255
255
117
117
255
255
117
240
234
255
255
117
255
117
117
174
225
255
117
117
255
117
117
205
255
117
117
178
117
117
255
255
255
117
117
117
117
117
255
255
255
117
117
117
246
255
255
117
151
117
117
255
117
246
255
117
236
255
255
117
190
117
117
246
255
255
117
117
255
255
117
238
244
243
255
117
255
117
117
177
222
255
117
117
252
117
117
218
255
117
117
181
117
117
255
255
255
117
117
117
117
126
255
255
255
117
117
117
238
255
255
117
152
117
117
255
117
236
255
117
245
255
255
117
205
117
117
244
255
255
117
117
255
255
117
249
252
248
255
117
255
119
117
171
222
255
117
117
250
117
117
223
255
117
117
179
117
117
255
255
255
117
117
117
117
117
255
255
255
117
117
117
228
255
255
117
152
117
117
255
117
231
255
117
240
255
255
117
184
117
117
248
255
255
117
117
255
255
117
240
241
255
255
117
255
117
117
170
218
255
117
117
255
117
117
217
255
117
117
184
117
117
255
255
255
117
117
117
117
117
255
255
255
117
117
117
226
255
255
117
162
117
117
255
117
232
255
117
242
255
255
117
180
117
117
253
255
255
117
117
255
255
117
238
242
255
255
117
255
118
117
168
218
255
117
117
255
117
117
223
255
117
117
186
117
117
255
255
255
117
117
117
117
117
255
255
255
117
117
117
238
255
255
117
165
117
117
255
117
230
255
117
244
255
255
117
179
117
117
255
255
255
117
117
255
255
117
237
244
255
255
117
255
117
117
174
222
255
117
117
255
117
117
215
255
117
117
176
117
117
255
255
255
117
117
117
117
117
255
255
255
117
117
117
243
255
255
117
167
117
117
255
117
230
255
117
250
255
255
117
180
117
117
255
255
255
117
117
255
255
117
240
241
255
255
117
255
120
117
171
225
255
117
117
255
117
117
211
255
117
117
174
117
117
255
255
255
117
117
117
117
117
255
255
255
117
117
117
246
255
255
117
168
117
117
255
117
228
255
117
243
255
255
117
184
117
117
255
255
255
117
117
255
255
117
242
243
255
255
117
255
124
117
174
234
255
117
117
255
117
117
209
255
117
117
173
117
117
255
255
255
117
117
117
117
123
255
255
255
117
117
117
245
255
255
117
173
117
117
255
117
225
255
117
240
255
255
117
183
117
117
255
255
255
117
117
255
255
117
243
239
255
255
117
255
118
117
170
235
255
117
117
255
117
117
205
255
117
117
175
117
117
255
255
255
117
117
117
117
122
255
255
255
117
117
117
253
255
255
117
169
117
117
255
117
232
255
117
255
255
255
117
178
117
117
255
255
255
117
117
255
255
117
251
237
255
255
117
255
117
117
169
233
255
117
117
254
117
117
201
255
117
117
174
117
117
255
255
255
117
117
117
117
122
255
255
255
117
117
117
255
255
255
117
164
117
117
255
117
234
255
117
255
255
255
117
182
117
117
255
255
255
117
117
255
255
117
255
219
255
255
117
255
117
117
171
221
255
117
117
255
117
117
208
255
117
117
157
